0 0.709375 0.5578125 0.09921875 0.26875
0 0.33515625 0.5625 0.103125 0.2453125
0 0.446875 0.54296875 0.06015625 0.13671875
0 0.5046875 0.56015625 0.0328125 0.08828125
0 0.58515625 0.56328125 0.053125 0.12265625
1 0.584375 0.6296875 0.0953125 0.42109375
1 0.5015625 0.61796875 0.0609375 0.365625
1 0.44375 0.6328125 0.0609375 0.49765625
1 0.3375 0.6390625 0.1484375 0.71796875
1 0.715625 0.628125 0.1625 0.74296875
2 0.5828125 0.4125 0.5890625 0.4171875 0.59375 0.4328125 0.596875 0.4359375 0.596875 0.440625 0.59375 0.4484375 0.5734375 0.453125 0.5703125 0.453125 0.565625 0.4453125 0.56875 0.4390625 0.56875 0.4265625 0.571875 0.41875 0.58125 0.4125
2 0.721875 0.2671875 0.7328125 0.278125 0.7390625 0.29375 0.740625 0.3109375 0.7453125 0.31875 0.7453125 0.3375 0.740625 0.340625 0.7015625 0.3375 0.6921875 0.3328125 0.6859375 0.3328125 0.684375 0.3296875 0.6921875 0.29375 0.6984375 0.2796875 0.7078125 0.26875 0.7140625 0.265625 0.7203125 0.2671875
2 0.33125 0.2875 0.34375 0.303125 0.346875 0.3109375 0.3484375 0.3390625 0.353125 0.34375 0.3546875 0.353125 0.34375 0.3515625 0.3125 0.35625 0.3 0.35625 0.296875 0.3515625 0.3015625 0.3140625 0.3046875 0.3046875 0.3171875 0.2875 0.3203125 0.2859375 0.3296875 0.2875
2 0.490625 0.4328125 0.4984375 0.4390625 0.5 0.45 0.503125 0.4546875 0.503125 0.4609375 0.4984375 0.4703125 0.4921875 0.4734375 0.4859375 0.4734375 0.4796875 0.4671875 0.48125 0.44375 0.4890625 0.434375
2 0.4484375 0.390625 0.4578125 0.4 0.459375 0.415625 0.4625 0.41875 0.4625 0.43125 0.459375 0.43125 0.4515625 0.4234375 0.4390625 0.4234375 0.434375 0.4265625 0.43125 0.4265625 0.4296875 0.4234375 0.4375 0.396875 0.446875 0.390625